id: 366330380  сума обміну: 2122.0₽ BTC: 1097923.0 BTC разом з %: 1317507.6 реквізити: credit card дата: 2022-07-04 13:34:49.893865
id: 366330380  сума обміну: 2222.0₽ BTC: 1097923.0 BTC разом з %: 1317507.6 реквізити: credit card дата: 2022-07-04 13:35:31.362767
